0.9247258927765984 0.7954620267863104 
0.21458201772293678 0.535110232029418 
0.6778314543541648 0.28443866496500986 
0.2995605413154059 0.891133627633192 
0.04121824627788484 0.031249794245583995 
0.5041695347728252 0.14289551437113668 
0.831574841990367 0.51015696258506 
0.5265897530490024 0.5865810515620682 
0.7997182947843888 0.062309218846845926 
0.6351590052581721 0.9455008339372661 
0.05001551047473707 0.8150027288299508 
0.23888578953148565 0.22800616161334225 
0.9307613672398241 0.29447563139121563 
0.36192831817204135 0.42585830932056895 
0.5756277370545277 0.817542429302219 
0.31766633067636685 0.040702393083158095 
0.059226521597523674 0.35649566819962347 
0.9022278415084841 0.9211738078976481 
0.3529169667438573 0.6305906739785655 
0.12389658065644094 0.5264035526555315 
0.728920631179941 0.5919755608110384 
0.43742736792336256 0.30678658397772596 
0.5901947009909282 0.03784351807956737 
0.1884061953805335 0.6663976602487099 
0.9889084403395378 0.08720928311466919 
0.6472034488439614 0.4862485475963922 
0.08173282424475453 0.8931731802205656 
0.9631823372789954 0.5138845737304899 
0.37728729421006524 0.7459680888195439 
0.8246380304202434 0.23815102652016157 
0.738700864994289 0.7926519856760388 
0.48175861766254563 0.954484440508164 
0.14707722569555248 0.12330609460549291 
0.8819993571000622 0.381520159129104 
0.0781452829644082 0.6201485159919499 
0.5721639832922792 0.4134954163897514 
0.26749524255824936 0.376129849640082 
0.8914411642406439 0.7156008975807313 
0.22351914653674398 0.9385252594600236 
0.36737454558978344 0.18970154087404062 
0.6119247578087067 0.1987493567873288 
0.01597021571034779 0.18621606760447384 
0.7392020058302444 0.9854394053278697 
0.17808382951866308 0.3913626211154214 
0.45184391607676466 0.4680814622905972 
0.6430373785311646 0.6857612923415092 
0.286648015116145 0.7854245594378255 
0.46759334051056883 0.04361626915343292 
0.7372565909936494 0.09864856144046474 
0.7677792181592435 0.413415127283701 
0.4531572430550986 0.896400976402798 
0.21178989665351977 0.07343713568989085 
0.4711719202500296 0.6528428791793671 
0.09233972890474834 0.197820453447199 
0.5344386823230026 0.26411281957115096 
0.8912383822389434 0.037140125940577806 
0.03651890951995668 0.9832108208830932 
0.3284491092515539 0.5270770584179711 
0.8434167059708535 0.16118240548464452 
0.48482502508463415 0.8102001267276924 
0.5774277138426402 0.6633570633820205 
0.9879106212173293 0.6391360305887954 
0.7838211131737676 0.7017501287268952 
0.026609134542430912 0.45814566117056027 
0.5969762293153054 0.5579198322982394 
0.045789647863113014 0.7324524563741653 
0.9886291352674363 0.4246511088122023 
0.26667951749239305 0.27470546967198756 
0.9041939246851564 0.623413137133934 
0.14481723841871474 0.7616258140812482 
0.24989076945679606 0.699786918202441 
0.8412528962120351 0.7888206531261521 
0.809256798933182 0.9292355769572926 
0.12667499429332885 0.3409713587936115 
0.6561187909287685 0.851439062526097 
0.3878388005772121 0.9871880817193717 
0.6728821767901789 0.40093511519094355 
0.12205866517478559 0.9880236018158489 
0.9817857736485212 0.22234404511931338 
0.17207089893244487 0.8619908563986274 
0.22700872066106892 0.1639042970232913 
0.9826119666550672 0.9532598626009061 
0.7406807209752609 0.5218688532291957 
0.2375328209756552 0.47118279891695386 
0.015435452431523 0.5476267687841371 
0.5089634585992011 0.3878958739972712 
0.587259620284459 0.33097841308355486 
0.6405997077365464 0.12802806349831553 
0.6631752421998169 0.02125282883656865 
0.4134622850607226 0.5681666265517505 
0.1788031735202551 0.01588360407274525 
0.27454793918954923 0.5744072787694186 
0.4371412106206816 0.08899720333982186 
0.4409770596306945 0.2369945876979248 
0.4973508621382841 0.5150324053072769 
0.5801308065317343 0.7483746950207701 
0.3801049088854522 0.8432498157804287 
0.10847350045281806 0.4088711161769014 
0.9781036832602211 0.8610906644186542 
0.6846244432469911 0.7341572926297769 
0.6973207657542753 0.1393158214822648 
0.910602857144986 0.44755719563065155 
0.7400273365176273 0.8861447073782986 
0.7142957006172957 0.3522431676827833 
0.3275867632371604 0.2652341831444668 
0.7714807565450712 0.3534673219091868 
0.9175017184724461 0.19124778281429855 
0.041231829070053405 0.13175798617921453 
0.9098668651448385 0.12670028714853937 
0.43817208380202755 0.7376783159155682 
0.016631808513479618 0.2886393035998883 
0.6991183718517113 0.20724283973632213 
0.1523992122828549 0.6149169803541481 
0.10961262484064305 0.2522891127789114 
0.5411311522310561 0.04990974277152349 
0.4121473568317907 0.38424503241928565 
0.7989808058400296 0.6006670176716159 
0.48749888575734657 0.8920794167814685 
0.6543497095756943 0.5755818297256607 
0.9868346789473419 0.6981292978142153 
0.29018136486680096 0.15488455191203815 
0.40048331800769754 0.04662374838493949 
0.022445915028873165 0.8872642226912377 
0.31811134100907257 0.9824546905316824 
0.3061622379433691 0.7032875576823153 
0.7567313445265702 0.01544468562902307 
0.19394559975613024 0.3299349613451702 
0.8067926705464248 0.8671789791135422 
0.7585922630008348 0.19352999464570703 
0.9860893170739917 0.761957539873232 
0.824506939886595 0.44011512792637175 
0.19177410505521503 0.25371204040230444 
0.5696144770523249 0.9288404313276868 
0.5813912742949977 0.14592513821911535 
0.8954835153635017 0.24290235487304707 
0.11965247691948316 0.028562192492117833 
0.5358918023195375 0.34333632042851525 
0.16182670685134504 0.9356424142614987 
0.4884438370373088 0.7720826753834029 
0.9836583090404369 0.3526379686769648 
0.9279912943433503 0.04231934606340626 
0.23139607542201102 0.7709775870196858 
0.3259605488806016 0.4797024469988545 
0.08210204089877787 0.6780144508565842 
0.6172529973345317 0.7675734740462958 
0.8875418108073176 0.9777290266821835 
0.3439022686147955 0.7859759846169531 
0.28832851188428155 0.6453962427791669 
0.8895922807207357 0.504794816136109 
0.9032346672409597 0.3277201086488127 
0.7457287519498152 0.33545074790875123 
0.43007401985829746 0.9306935244176471 
0.36147611954482783 0.347311020017993 
0.3571320932238806 0.6638087642055182 
0.27235632600505966 0.9562996957893386 
0.5089006746247885 0.6642090699631752 
0.17561999115729443 0.4807073770466875 
0.058923058841995835 0.5088736167345006 
0.760805010047239 0.4386954962841945 
0.5294404288860086 0.11973102175162059 
0.5833578224664896 0.6159425277281094 
0.8951785317911194 0.8231808749591906 
0.7018064446216596 0.6533554385901246 
0.6754441518382535 0.9659464363883399 
0.3739110201934813 0.09635758885059786 
0.5214052647340407 0.4929039618097909 
0.257192093274501 0.03949210958865712 
0.7655952958311849 0.7625787140577146 
0.2099588544115102 0.5941775646000665 
0.907861278460059 0.5624243506410047 
0.2664596308545299 0.8481709512572866 
0.17807806428726547 0.17444853844316932 
0.4014042233416224 0.27274782408797005 
0.05966284470040628 0.24430930010252722 
0.446926177262352 0.1929083901939846 
0.03918387094368386 0.6399609294499004 
0.650975096270495 0.3289936455166398 
0.12465664803012727 0.7426255969289833 
0.585264248085105 0.25595909029111297 
0.7760644454275079 0.5326633919768033 
0.771784923135615 0.14374955828629105 
0.015979270874153406 0.7993711404259681 
0.27879082647332826 0.07960967146721593 
0.3983819758159209 0.13060615445100937 
0.958043095032773 0.5920929552339899 
0.5574827587629982 0.18071523323114064 
0.9687979710958521 0.14160257358432754 
0.6775016747440532 0.8777912173931748 
0.6799023916269613 0.7996414024854017 
0.6850089676797193 0.4341592614200366 
0.4667874798025157 0.0975575180438854 
0.6273379365716503 0.08919556323635242 
0.3866655852225388 0.5292033048363554 
0.5058939046359698 0.43075856737538915 
0.27745889251823797 0.33373848411334284 
0.5893061105135663 0.5312371887708844 
0.4595379850616678 0.5326385197188033 
0.2099849791459088 0.9651778221769256 
0.8242094253315966 0.30040304796939965 
0.13093378857103927 0.5877271184094497 
0.865383998835682 0.650609792199369 
0.4033437767411144 0.5942433284950195 
0.7493212191192747 0.6965909311209589 
0.04637571418965669 0.08404111913586265 
0.5212037516888468 0.7625032277620944 
0.5800401667782583 0.44808831050440595 
0.35556292392496314 0.9683907571555166 
0.5895811552614197 0.9877744799236623 
0.9256635933412352 0.6724079474485711 
0.4076982363221327 0.6941211425756681 
0.4880929339780515 0.33048541481150684 
0.12178458340512227 0.8164930253448165 
0.031213796436698082 0.9280963210949197 
0.354982902749187 0.2183841140630315 
0.8138851395847526 0.024743769174214503 
0.8328397536789041 0.9846640075043002 
0.7769807208425497 0.8216311114670718 
0.7005329802095625 0.06615157153055007 
0.959706157131722 0.8928101658982244 
0.3371922807513733 0.6028240853686416 
0.9634798494703121 0.4612209402024481 
0.7594092857271659 0.22918382255046477 
0.20258742282001124 0.7888236279146066 
0.4650203497114524 0.2698331608623742 
0.8359924570407915 0.5601166214487134 
0.04609931491476349 0.5738313315581874 
0.5906032588229617 0.8722982987167733 
0.6493576075311533 0.22886307278848617 
0.2571832081753062 0.12311668775412737 
0.602650119402319 0.41290869081544596 
0.8603992048862141 0.865191890111641 
0.8683307483415783 0.7788245892269936 
0.4301011768667511 0.9884658227407856 
0.1383419066302184 0.8816663572141752 
0.156765135720775 0.4198839233088001 
0.35860801971139045 0.8745634179857318 
0.021183489898131735 0.34783294080676097 
0.9373402160241439 0.7314249940887307 
0.9292187650358722 0.37660657368988315 
0.47509412278821667 0.36946763931839477 
0.6505721150070544 0.6042207907605295 
0.4194595324948817 0.847685700045181 
0.8438899056230398 0.7240693795093376 
0.42031366742755893 0.4193046087760317 
0.8496753494580109 0.07622819129365443 
0.23278406845846572 0.5093261270782136 
0.7876883715917093 0.8890928841290967 
0.07196882671773158 0.46997092385932465 
0.0645337206643094 0.9836026285875797 
0.19333205316468433 0.7306319031548553 
0.3881581008519034 0.47552113239859 
0.8697937142494693 0.41720409924241886 
0.9617598230737386 0.8257825467330799 
0.3023176421902606 0.427029173333261 
0.5274733290064648 0.8865687561209844 
0.16176426711305691 0.6890950737489527 
0.12808552543803858 0.5609546988819695 
0.20409781427711587 0.45247179669429854 
0.9874059807440532 0.2913587102106387 
0.7838873350328746 0.20986320959819843 
0.526132945211556 0.19925985475367025 
0.348817828720021 0.03486893120351936 
0.6060479454287901 0.34028437313553234 
0.6982152591793529 0.015555873557823285 
0.1588446186296924 0.5056260517084616 
0.16644369781818635 0.05725371666711365 
0.04818575892526156 0.38457578105082507 
0.24775013196726703 0.4034894659169047 
0.3089068010484231 0.7561250185152034 
0.31976855940983434 0.21211763284793272 
0.25770303647637216 0.9860904226840285 
0.6754754332431901 0.5184965580543408 
0.5264544896251248 0.6980691726374231 
0.3304487899078181 0.1224387582406059 
0.6409863760756148 0.15490118708478517 
0.8536342309502019 0.21569427641933647 
0.8106563844495509 0.6706364203495302 
0.07680955518509469 0.324001255879642 
0.9544591317116484 0.039230872076646106 
0.5091432545645604 0.5615369154840577 
0.7082126949354585 0.8205517036498234 
0.14761224445363275 0.3087956269518215 
0.2659270373121102 0.21830667124139075 
0.8619487276411579 0.3560055602451758 
0.11013211187098415 0.46641729502629015 
0.43329723965459493 0.12268293602415503 
0.42525331260811466 0.7952500420597141 
0.11188314906541702 0.37360869283648157 
0.26504766477773706 0.8894041321863624 
0.9386728614609557 0.9899533004834236 
0.8200464007532982 0.405883597548986 
0.1485574179175495 0.3687951583592039 
0.6096320263345174 0.4750922722072261 
0.6133163672525168 0.667222711970143 
0.49348153454778443 0.594850882464665 
0.07468709642652854 0.13951181449559696 
0.21770637006681065 0.3460703489330395 
0.11382751830373145 0.9310413622552794 
0.6050655180068117 0.2791117002502993 
0.5569374150141022 0.8614625335995634 
0.7230308542915723 0.5466892482991069 
0.3534460228988229 0.37638722210385345 
0.12340586666441272 0.20969111310128052 
0.02192675050449505 0.8360484123461718 
0.5732399202774148 0.062276677835255645 
0.12523205373881913 0.06875206833283426 
0.9100119545433538 0.8721409032810539 
0.18035309919834275 0.11526203265959228 
0.9542668967869532 0.09909395429572043 
0.44031844547460836 0.634519526432856 
0.5517075058912619 0.5059669980165423 
0.3190885583357084 0.2985718945506801 
0.22923189515363268 0.620302428015051 
0.49025905533592384 0.013685221909341683 
0.1534375396978251 0.5384685025693872 
0.3793636066691562 0.900588576099498 
0.7923297859108394 0.9605536348798729 
0.2964572388134201 0.5272652759955704 
0.6064210745806188 0.12135210564246418 
0.7383843370582055 0.27748379347375973 
0.5010468170367962 0.26214930714161166 
0.27489039874626076 0.7434526339712142 
0.8092116803834302 0.4920842449494824 
0.06624866534376855 0.7895940837722498 
0.9482333632681195 0.24035939168303566 
0.7586752952962912 0.04735661042436812 
0.4317114651209164 0.5048522378547141 
0.5656206880550788 0.9569384744516123 
0.05153741823067537 0.1879537823094805 
0.1428707427279719 0.7951911900003641 
0.21103793124421327 0.3039508275018886 
0.8825416643949138 0.26976952824734846 
0.039954530721895476 0.26496260237405284 
0.8559822078704766 0.4833954766424148 
0.01589702900844492 0.583976504454575 
0.8685511681574474 0.0529747086909787 
0.6524259015730116 0.9066555612692004 
0.9270708193852941 0.9315014976070484 
0.46375032327086907 0.8670914198085993 
0.012267272991454192 0.7530066358061575 
0.8687345264267352 0.01377308396900584 
0.7436518815113724 0.36934375626451105 
0.38994955657506714 0.20875746410544244 
0.7846823962833622 0.28517933524602523 
0.6077565864494474 0.8055480934585331 
0.2921590148504412 0.8220527352727957 
0.6214152011802736 0.5014184862601517 
0.9546435114526791 0.4036870725848697 
0.13352555201488597 0.27408367846411436 
0.07387792058342552 0.0777535342092926 
0.6478698882875016 0.7412203968612339 
0.7589059358485739 0.6429491305162505 
0.7178446478914184 0.38310384622634597 
0.4702427773454966 0.7155209376154594 
0.17361005541645202 0.9005972251520873 
0.8885483952828473 0.15368861855713206 
0.4451296359736832 0.4077318274291389 
0.9495759935251584 0.20955677849251875 
0.4225941124803344 0.15519758255096072 
0.14308736002908995 0.9594226065326048 
0.2377873463639515 0.8965730065212605 
0.7241420195751549 0.24897086906556853 
0.8403659610944639 0.8414589783158379 
0.3931897164611454 0.6559723300886937 
0.012657592064039214 0.1247394972661115 
0.31501272747724596 0.3928032477438355 
0.664703265224173 0.20921353013184002 
0.8362910875551111 0.3356577448894222 
0.014372379196258889 0.6142955842473621 
0.14615021369904713 0.17497804348470142 
0.7457212088578463 0.9273179887158929 
0.06580519172323884 0.8447995806838531 
0.10301688021406641 0.6506062786313189 
0.3776705392742664 0.32294051820397623 
0.07142014413592473 0.5573172168320621 
0.495172796034975 0.20753116470314253 
0.35099761950048974 0.7285488408785428 
0.933411161683632 0.320223596582798 
0.7217840392311765 0.7202351089204924 
0.09977865455601026 0.7639325790242526 
0.30497425504895603 0.6739607913188461 
0.7844282270126037 0.72980377706384 
0.4502931194858097 0.9585025958505506 
0.685006694567988 0.7684080030986221 
0.8433042700768059 0.9004578831727901 
0.010520074774109323 0.48140543462284435 
0.6473233910815326 0.9689311114563708 
0.8514331634735958 0.5938234000293114 
0.4426618264740249 0.5584146319816811 
0.8871489464599068 0.6823307506657166 
0.27219707714686214 0.012759014315626205 
0.24511367178188276 0.5872097558983282 
0.7620822138019031 0.5855531326938483 
0.5483675553016093 0.3102198111661506 
0.9027928967577028 0.06444021363166719 
0.6782945491489023 0.4859992898915785 
0.74625517766717 0.15412021206707566 
0.1442407661415827 0.010667921047470885 
0.7035921691354502 0.981780204375245 
0.5160076871965478 0.07692342609043823 
0.7821915166807758 0.0979780591868945 
0.4111567468123715 0.014658897452228092 
0.3475294751677392 0.846607482250085 
0.0649867957777388 0.014127686053296895 
0.49395658253849434 0.6298263934545519 
0.5615028568055654 0.017216549564241734 
0.8474546237334124 0.5372580104944934 
0.33320388591343564 0.5681225802017003 
0.23399707055052915 0.8420081972359017 
0.5259581909352126 0.5279271174862586 
0.7261930247678774 0.6223679669401676 
0.6153506909692157 0.3811188844601549 
0.7326058549603494 0.488319796619406 
0.45566078676568184 0.4357618436514801 
0.18308271531666998 0.08650519350594027 
0.015539978964591139 0.6890508827275754 
0.3771458955914011 0.2884581583279904 
0.5868484861181901 0.7826670116118573 
0.23581120681808482 0.6685102141027585 
0.3287539720371391 0.35593207089852785 
0.8083767262005018 0.1523039626809095 
0.12520311873088302 0.6798936328233971 
0.8865352829011984 0.46977438625110973 
0.6614810582273489 0.06474170687432623 
0.6940668323575275 0.1743411041883205 
0.5116529689280677 0.9113997799710196 
0.16938231250788838 0.2316896079425313 
0.30614491283767087 0.18495225631764706 
0.9659291886400719 0.5516765658661282 
0.5333750835192577 0.37364167194710113 
0.9859702280520988 0.46977153276264655 
0.05291000931775669 0.2938323369268976 
0.28649944574401404 0.4881717800261637 
0.8497795775833776 0.10711140786573692 
0.6437964674279927 0.6437731997687252 
0.7345987692961229 0.855857961313306 
0.10945337833342567 0.13716270801845137 
0.8355042089198537 0.6236365285443703 
0.2445910627604636 0.09179003440839878 
0.3275729116220536 0.6536962473503902 
0.3335104288396514 0.941898453370376 
0.602031243560308 0.014892880243103201 
0.9113399078579221 0.7411613207788312 
0.4534806092345506 0.15443680454146475 
0.9456806982060775 0.4874412945281654 
0.6502380892081036 0.533818440822718 
0.6103032899922523 0.7327025892108833 
0.2444943668439732 0.7385420248011625 
0.44371050042188903 0.8274651025708887 
0.8982765170389562 0.6545717242770552 
0.44054080111600935 0.7692525325874158 
0.5421470870005244 0.825336245096677 
0.9300244330683988 0.01285414335733115 
0.4826978839490359 0.44888113731959517 
0.9228219974529328 0.41059048661337366 
0.7200535611906572 0.4350792000643018 
0.5212330405678263 0.23347143417850208 
0.6545832560240188 0.3706065253682872 
0.9421255214193376 0.8766352066992215 
0.012942390544599391 0.2537526542201891 
0.8526878259401462 0.9581288633472838 
0.10438432923418356 0.2834171134062444 
0.496923903072109 0.29269470371708983 
0.31413844775176847 0.06818789145605514 
0.010462163697222027 0.07363539144063169 
0.5419660975891643 0.7305043473760404 
0.8095514134319461 0.1809575030510161 
0.6217885059788882 0.6098796182990389 
0.7118679314355694 0.9207987861901209 
0.24165889793235468 0.5530563199571941 
0.26884522746552025 0.6134392032135134 
0.5619953654976401 0.5398583149870613 
0.29422015199871066 0.12572227829103394 
0.16721647936691514 0.28067506038758205 
0.33191085800682074 0.4386620483699237 
0.9883240920959663 0.6069276986876475 
0.6921190461857355 0.23613627728619718 
0.5509845034331172 0.0903726616684723 
0.2554128178778112 0.8093407815762179 
0.05969197887112293 0.41422565744482115 
0.37816403922699204 0.7120190063565194 
0.9386311218470009 0.0715799843127054 
0.7370504083386914 0.7594442744179415 
0.5913234886354513 0.08849373278084743 
0.43417462206354585 0.26963375779857 
0.48230538955758206 0.06859200192887244 
0.22309001442270487 0.03826261217154686 
0.9159177139803168 0.2676289921555582 
0.30368943503911117 0.5909957696402863 
0.8118324903564742 0.6396793810398893 
0.09525127079144802 0.7015282568059533 
0.3584722280407926 0.15496601483484856 
0.523339524220158 0.4572684323360961 
0.7538242361193555 0.7272780454343808 
0.5600476420148686 0.35802635553298157 
0.5256135041281136 0.8563094029848488 
0.6825369064407358 0.10164571688391238 
0.018281372358864623 0.4043654410605718 
0.2502939772026506 0.35257604351232896 
0.37631776835831166 0.016081491957984306 
0.11271584635021553 0.31314864666061987 
0.805180104292924 0.782551769344897 
0.562769739319143 0.2817265452656892 
0.4178754611339204 0.8974399899500245 
0.7967174829996144 0.4688247281536029 
0.5066778889940042 0.7290037976718604 
0.5409245267235638 0.6576557315391824 
0.0920159366842318 0.49472019864387395 
0.824875963164622 0.589070614629192 
0.20124750483596893 0.14058164122579397 
0.18775558411784926 0.6292674667120992 
0.16273463711743552 0.34249377342730725 
0.8987012922350034 0.29767184453082207 
0.1335825721102888 0.6389194116708534 
0.9448979259421744 0.8513888078409662 
0.4285482736051358 0.6660956043439066 
0.5700968231588657 0.6372575415880393 
0.21705157746721915 0.4085932231560292 
0.1523628222951714 0.8316524949168167 
0.3648590212368676 0.5094814283609904 
0.12672548093181835 0.8502581948582237 
0.7687614472380131 0.8602360412614767 
0.6723739714286887 0.6251904825967043 
0.7301485150308432 0.06955802883445777 
0.04326837148174656 0.48311414023964583 
0.052337154208565384 0.9017300973565805 
0.7943619890251447 0.43636370537352764 
0.6781912981585959 0.5527755815697131 
0.22647015805624215 0.9884156893635774 
0.24205057227114912 0.25529916759346183 
0.9600018081285517 0.7920461588978092 
0.463175397264974 0.9853050421649276 
0.7004947373579338 0.7082132621785885 
0.6365173395650129 0.45684747195614667 
0.38840418282679445 0.5585482675161372 
0.7822660971032922 0.9287521988273664 
0.11425286002863216 0.1761019620997547 
0.9656192434065978 0.9838451643938209 
0.20577466467967948 0.1825171026274156 
0.9889282065735399 0.5329503004790032 
0.7022544865888956 0.4062948470536376 
0.46520441726253436 0.6143222174724272 
0.42787381975302197 0.3459882537096852 
0.3811785255373814 0.39864831757925523 
0.5261050280576779 0.984549486483127 
0.36553317122772133 0.2520061722967524 
0.1215300415161939 0.10370678795706512 
0.843200221983396 0.6732391063579459 
0.012215283385280717 0.21959531772723911 
0.6014829823588697 0.9395624177095627 
0.21318160387219603 0.687420442397982 
0.9193903365013603 0.2255522005329479 
0.8312545658157035 0.3777878308856015 
0.9400395486449394 0.13011361790719134 
0.6467712418872564 0.881281161695383 
0.5162859827614358 0.7938033130588777 
0.6387686516932353 0.7172528812481865 
0.4652047660137133 0.49870390196795517 
0.8044289819611639 0.8099052599459022 
0.8629564384806674 0.81915651078344 
0.872127799288158 0.5640155022010136 
0.6218974151703428 0.8517502316651879 
0.7063367779090002 0.5024874502739131 
0.554778035380651 0.7996799847745074 
0.17111679173806604 0.7873998114104699 
0.6393030999281617 0.7924080429802542 
0.9838497672745148 0.2564299820288189 
0.011904594182415018 0.9852344694135171 
0.9580405498956037 0.712825459596501 
0.6541160453107802 0.29435315333758677 
0.48752741184684373 0.9259722213327973 
0.29698747369334444 0.27238669677398775 
0.26923092246018354 0.4359995586862645 
0.01245105408898145 0.03819178732501838 
0.08363284628223011 0.3904724746611357 
0.1956936346138647 0.8834186883450785 
0.3206119602012908 0.8671694316823741 
0.35502107342009426 0.8125897816812584 
0.45890980677223747 0.797480144241755 
0.5781529201172189 0.7180756851158892 
0.9327095865202153 0.6135265944985983 
0.6214564038509727 0.17131151110092552 
0.8048985255226545 0.9854592630302088 
0.43525142752685186 0.0624602191929039 
0.909073579265232 0.5327200709188292 
0.463591487855542 0.6802776209112006 
0.09762672940459272 0.5512289475869794 
0.8597808937838731 0.449963809947813 
0.4789615027721871 0.40521618569975243 
0.8407410373474256 0.932195809860136 
0.9124819361786245 0.49113369068605406 
0.08238509819269602 0.16648792664061784 
0.14344132667062925 0.4647094124060538 
0.7749267452210534 0.32091617966889185 
0.4179943252256507 0.447951447876556 
0.5665148936392742 0.8889611592208752 
0.3973744665389664 0.8679182730225599 
0.7269721785318781 0.011850837794289026 
0.20001946266407178 0.8414908697442733 
0.4786572085356822 0.23966896230741302 
0.0540777104988569 0.44617055756121804 
0.8758482871080395 0.18302067707453634 
0.8571669645818154 0.24162677260505827 
0.8170607748230975 0.7348799400936046 
0.38594148297101094 0.956774565933689 
0.9194438217045873 0.7013739500229382 
0.9689860346268178 0.066070692271883 
0.0155132925139283 0.8640508341708524 
0.34406611313144053 0.7575909866195313 
0.16107920879779897 0.7285860859076723 
0.2103344360831348 0.4808190460485062 
0.40794710787728616 0.8248065417084096 
0.917620844060518 0.15696670829248305 
0.53541677414719 0.16105727004549175 
0.458223168926292 0.34247295798616706 
0.19861011516526933 0.5072610617455836 
0.8392280265055738 0.18917276436441016 
0.5345612804938684 0.4110803825997249 
0.23952465053915334 0.961647876744582 
0.7558545817234179 0.6127189147578167 
0.5906478470728541 0.8388249404294997 
0.18998552785064604 0.9386099905451601 
0.15562794082005782 0.984219658987175 
0.86634703176766 0.7409348675714796 
0.840556517159396 0.014908789913626375 
0.04717307575352242 0.16186465462409627 
0.3608345774805537 0.4583868662432586 
0.25921728419105033 0.15568051745055383 
0.7588897454940875 0.49991157748863374 
0.6330363636549936 0.01437276258626502 
0.34488840909869656 0.9918107679354558 
0.4688083286347927 0.5740526416360927 
0.958460097138931 0.013384371016323171 
0.3903936907889345 0.1678467944509714 
0.5550716894931663 0.2170118394847937 
0.46994983300620197 0.12971199158187652 
0.9813029764939174 0.3245951886042181 
0.30224275077410456 0.5561171234117755 
0.7312006946114362 0.190920990602371 
0.9511550077946835 0.9214044261858199 
0.08843817650455077 0.22922053868130832 
0.036577609020138346 0.7693123754450825 
0.27620379509847137 0.18790871051583707 
0.6079507975946135 0.6384188539743407 
0.9331061038628965 0.8219710911412744 
0.11012697484274081 0.8981728434182477 
0.5583177387133267 0.2454786842363948 
0.844360009302124 0.2691613691207981 
0.4947996775621965 0.9862220085122811 
0.4070437797174682 0.7306009316601666 
0.625160312751559 0.22454165499552825 
0.24194987002302915 0.29323526433252645 
0.33749666404742673 0.011882718127625091 
0.7268799934614668 0.04005261886666722 
0.3026040096764341 0.9555427806754936 
0.3077058058283647 0.09424956621131475 
0.2829751170579667 0.05263042095152387 
0.40305676605352414 0.08817570026434352 
0.5061064740906196 0.1760490137476573 
0.7101997399200142 0.7836310778026208 
0.6463823351090774 0.25819465168202566 
0.21288188568854666 0.5664496462218214 
0.41396427888421383 0.6267329486399075 
0.4011785139444485 0.5058582678677797 
0.9366347845167788 0.4339862470003764 
0.33702754449672406 0.6948538466538619 
0.04319165417600418 0.3224588520887681 
0.8092672579895983 0.9027973746033306 
0.14307624672934505 0.04205189925024805 
0.9191957601528866 0.590715076424031 
0.3744997282116903 0.05729401832269049 
0.669998767815781 0.456256255950675 
0.1713750396381964 0.4473941792923429 
0.9320122857595494 0.7663297911507456 
0.06639191817149553 0.6479901808762093 
0.7085408640592613 0.8915335793014998 
0.9836712274502311 0.3873427932724467 
0.6328307845006208 0.8258558323089662 
0.6537128277313922 0.10295298517406115 
0.40966107124343043 0.3002109671338862 
0.15709207625993454 0.20275645542452253 
0.7354077283772055 0.4069452178665114 
0.10483316806445608 0.9603015091298353 
0.2790406880790698 0.3035511156712719 
0.8711573933568015 0.32225169659018593 
0.49964039419139117 0.10354030442363032 
0.6099018893693287 0.06433165772501981 
0.6847704654142668 0.684009783975462 
0.8411562140651203 0.4219659389044366 
0.7138390686766474 0.2936080387815534 
0.9877838236319858 0.7956197330076438 
0.6577251957994937 0.7677370095367312 
0.8609857753710938 0.9878795375838012 
0.6276018431655492 0.5681346595560506 
0.2510958650849613 0.9270237141082659 
0.28878551525299856 0.986821294229028 
0.7945685605148051 0.12633431789442978 
0.6299596040402404 0.047395436551327164 
0.1822481280195568 0.8156151330598402 
0.9867255247208931 0.8348605940765135 
0.216483557085491 0.27360906763598514 
0.892896021862084 0.4296910545215551 
0.9831319917261463 0.6702340482738615 
0.950197697515149 0.17074158306415305 
0.14990263527914804 0.09022455878360963 
0.9845051876643768 0.9215937572183456 
0.14116759175227256 0.919028295054366 
0.5875037761859352 0.689926781653363 
0.6064919159453459 0.1513401053154123 
0.5685050170483041 0.5755885423126507 
0.10969985777650815 0.6144998697234448 
0.43619380686266696 0.8705285693858582 
0.08817291716035147 0.434219205366593 
0.29195741679584886 0.20757334033978264 
0.7873078575796528 0.03889774412692354 
0.8709453342903235 0.9190598424153762 
0.2697449884210801 0.6789859260548768 
0.06047866618679654 0.11184513371492377 
0.18192452053794245 0.29854238168178365 
0.5497935844603814 0.6087330278278089 
0.13517014154637558 0.3982058097405262 
0.3718635342677424 0.9327057700424448 
0.21475838683924692 0.10806323074282781 
0.4199088020732408 0.1832160867082791 
0.6812733297247222 0.5862688588274965 
0.2124965719363877 0.911616171918722 
0.010478208889308172 0.9086598072893681 
0.09884848434715338 0.010921513135235594 
0.617225199414216 0.8809969775088404 
0.5898811524498218 0.37047473847261425 
0.63003197556737 0.27902316284338413 
0.7010199654166799 0.26734357429231326 
0.9160428373692955 0.8446281650405768 
0.09666689483374152 0.048286468995309084 
0.3645668472755572 0.1268073264421387 
0.3084385129611896 0.3323054563546235 
0.28586336112888 0.40223119224687354 
0.6866702671151808 0.8422682402610109 
0.2943144136223743 0.36544579831394314 
0.1892087024750692 0.20907599156306006 
0.5722386099613236 0.1146322160734114 
0.1705100367616582 0.5680996537923697 
0.5449245824354569 0.9141900170816659 
0.8816213780474006 0.1212044335714631 
0.6095510043656759 0.4443327133351355 
0.3134501591084486 0.9169837620606567 
0.08273354616049006 0.7331475885298484 
0.5372570691408829 0.9509952378567585 
0.7712070679306138 0.9872175108016951 
0.9012167033563658 0.39744505614654624 
0.8591586650504703 0.2937029797666131 
0.18823872401758768 0.7045201522423125 
0.344674028889543 0.9078968156271039 
0.9149590786581978 0.8991525555937521 
0.3099858055486977 0.5040660248657836 
0.2937741216819332 0.856189227370021 
0.5059027996123261 0.04166407421481294 
0.8883006129187014 0.21216818584068198 
0.9394991564866053 0.5696619074729159 
0.1591818695472733 0.6560665219268114 
0.5623276045823412 0.3874503662030627 
0.8634031353464153 0.6993187950612011 
0.4632754486732662 0.2117907904606512 
0.06572047297980904 0.9308288810140204 
0.2685193465867293 0.4664784258864654 
0.8391298486226151 0.04577934732898148 
0.9897639663789128 0.9883862973281687 
0.9576756197838239 0.3706546151088729 
0.04361923665084799 0.6092880501117593 
0.7919009286878029 0.24227021994441283 
0.21624811223933643 0.6476215969941298 
0.783886066748841 0.6228480127781131 
0.19380952441762755 0.36772587123590317 
0.12666631804983725 0.43522692025703313 
0.6253023090878111 0.9840200074771588 
0.5565461242788059 0.6911933981081575 
0.883283683437899 0.08905283395991598 
0.3015461475333585 0.45519810395107296 
0.31801046426263774 0.7929325219988574 
0.8940323745219252 0.7938434473406547 
0.05230214193465743 0.8693288231864253 
0.3035783237190874 0.014758294937960936 
0.7227879062020395 0.12582681264848866 
0.6445471327776213 0.42583028424626435 
0.08972257754196639 0.34627250415332234 
0.25342448229408726 0.6449897323811413 
0.2190547944977137 0.013641138367963046 
0.016712535040151244 0.15572538966070765 
0.7809632570558565 0.17471001876491327 
0.4708404331243838 0.8422263337978793 
0.8854752114319928 0.8573993449198121 
0.80656211965769 0.5354268045149615 
0.6411304590228285 0.19117184921237107 
0.3214020593445769 0.15148640221582427 
0.5872221171338845 0.18637483705839086 
0.7516778991258786 0.12048100052786942 
0.4209084267013961 0.2179838444154687 
0.743655795265599 0.825178395619975 
0.03634862386156845 0.05834444966894692 
0.5243584554530263 0.017453004784053205 
0.2117573636550265 0.2348395326114467 
0.40006373956387004 0.2426455201971785 
0.35724970352876145 0.5414739991068548 
0.049577777489410446 0.5372141912735683 
0.3593277325885357 0.5723551393323517 
0.9820441041209391 0.19329708773359355 
0.19274372314985694 0.0476952411929803 
0.9862198690485815 0.49692204592387 
0.7249466330417736 0.9536548176643184 
0.05051272534121293 0.9554719985191491 
0.022336345219192755 0.00909006373288579 
0.1840006532430506 0.5345044482747036 
0.7328370571624796 0.6528878082732729 
0.6210161278504343 0.3134916061030799 
0.02013763721318268 0.515765936564285 
0.48879519680922223 0.5452670001313477 
0.40824075938231397 0.7700621334880287 
0.6645612263373688 0.8229643044252201 
0.9442092014805932 0.9604115023278472 
0.538477381509804 0.5569724586251669 
0.24421427360191356 0.18934246952597605 
0.5878356195815798 0.5041333383920129 
0.06523633412508778 0.2137366265608614 
0.9865723387302419 0.04487769000277786 
0.9188415539701726 0.0935893898592281 
0.5053978170171507 0.3533550566167159 
0.6699729404882854 0.13656880687018647 
0.37587039974111114 0.7780846732855901 
0.8861799054721422 0.5923835247706014 
0.49310633457314995 0.4787777284368229 
0.6705282539881064 0.2508193080796572 
0.8547345722547075 0.39131007621902947 
0.9428647684043061 0.34444025298280256 
0.5656203630671939 0.32819998887705093 
0.02302322121434064 0.10147684997766243 
0.7762732842434144 0.5628688647393819 
0.7546362663110294 0.30116178311743835 
0.9296655577111204 0.5113627790156842 
0.7480980356146818 0.5546682854536183 
0.044466975066408565 0.6753729978315641 
0.10191903117010886 0.08220802811205147 
0.9847123628602248 0.5741050757334083 
0.3419876207638195 0.32152783354188075 
0.22714211551264635 0.37692103509492314 
0.7110149555072756 0.0967987067855764 
0.9541969583754173 0.2701692778071 
0.4704620609347888 0.7487234371981956 
0.7590832598287026 0.9572667694050967 
0.8146707475719217 0.21395267452414507 
0.8203947295858207 0.9538960393689626 
0.22159164713115997 0.20606120915327453 
0.4591696050715754 0.9262646207698692 
0.8018410623614263 0.3255387034996958 
0.7635815336957195 0.07567894364267874 
0.0144990885491042 0.7214987538402132 
0.4197070612032834 0.5370139571197992 
0.821502040506967 0.7023145175894508 
0.7972226972774065 0.39518743803124395 
0.8028901432119763 0.5696104900250626 
0.8369264729447812 0.761093884843605 
0.8795379443478033 0.5361007317669615 
0.9401571526726707 0.5398903660085557 
0.34192766972280364 0.09621702105510299 
0.2666978995663507 0.5403215176550238 
0.1061396964209404 0.7897541397972829 
0.012295942440564811 0.3185715291160637 
0.5924136886744055 0.9088233370593668 
0.43311596738948455 0.03360934052996378 
0.9645418749736108 0.6223741384535307 
0.2601461075772648 0.7696837986490974 
0.23585511381514596 0.4360753168722897 
0.8137984969264632 0.26901757423053035 
0.01439643665683732 0.3766226023155625 
0.18590555160884875 0.9815445905171849 
0.4210050736894683 0.4729684867758909 
0.16865511955114193 0.14692390623523627 
0.5858638773570661 0.2997152137211049 
0.9580639719993518 0.6532896724390208 
0.2708303819026413 0.24815761992201535 
0.3109465984258879 0.7304150735730035 
0.6005808599194391 0.9633869872599263 
0.9141484836055049 0.9858901751041984 
0.7031287110058959 0.5303588258606324 
0.21063171054651886 0.7513441716946871 
0.7877828603175723 0.010115069771133633 
0.34429734907704074 0.06813931267276124 
0.18016376996240835 0.5980109039426937 
0.5986576199785164 0.5912933872855594 
0.5572133575252802 0.984320315444717 
0.49379519926652893 0.6922917330631709 
0.7634799711624021 0.9015295465445452 
0.33247418325340805 0.23951281547894848 
0.08739488883175989 0.9364468422006246 
0.6670548245686265 0.9905483805884356 
0.6891494094718885 0.9433912615462982 
0.40083082641616863 0.9231305845311899 
0.9878128861194586 0.15908672933823487 
0.5893598718347278 0.22291014623772165 
0.22281628225464706 0.7162371111711066 
0.4530126603945037 0.012015276998701307 
0.24542779403206205 0.06137938963560402 
0.09134821210437638 0.9858188050456045 
0.5498194030178193 0.44068449799518083 
0.70811753187361 0.8605050058356438 
0.23350244576162238 0.8720343617399857 
0.34057471285829183 0.4079156976079306 
0.6810733929850517 0.3412351457006021 
0.5169266561460499 0.3223429075735828 
0.47718225455187746 0.17342929206269042 
0.830183032857625 0.8135138889879014 
0.9856403684318902 0.11728092530640327 
0.8948508209562085 0.7585883381339185 
0.0659082902463845 0.04692890744229977 
0.07758143162534975 0.2658678869681719 
0.6642827334431944 0.17443297937636365 
0.1409150205430707 0.7063109083126917 
0.8715948807985734 0.6223840472796502 
0.08907735187063981 0.8242221454293671 
0.9644970765916997 0.4329115664465895 
0.4702476755864087 0.30267015522225604 
0.13669268514799932 0.23448095809057162 
0.3913183023225697 0.36184917372244496 
0.630910941075008 0.35413786094365207 
0.959551937291168 0.3027198342894088 
0.2429962795459233 0.32270673178094705 
0.7725887633296091 0.7940871320824663 
0.7598719590820762 0.26112493262429015 
0.30677394439553196 0.622569265801541 
0.0556454417850209 0.7038380867204627 
0.8024949485886078 0.8386984707982245 
0.83238869282637 0.8756504292893282 
0.8053679356851193 0.3596630791663421 
0.7656416771031673 0.47086254763078356 
0.7873322351121894 0.6553991597690133 
0.4363827003715989 0.7044113138462451 
0.9513455627323075 0.6860766934706092 
0.9311089417869078 0.46552045079486415 
0.0086914424560246 0.435973382639893 
0.09229239613654439 0.5214779854790645 
0.4446692189602591 0.38171060035386045 
0.8222024396665275 0.11780183697993984 
0.6225540854670598 0.9123713694160195 
0.6846894120569198 0.9138024866781305 
0.7864501069913925 0.5033008621411263 
0.8815679564797281 0.8915958454491493 
0.49518065455436905 0.8610486199704854 
0.5234629431795268 0.6250763923242775 
0.773593124703827 0.3817989213781001 
0.6379197517878585 0.39557819263715965 
0.32406372876799894 0.8289756186454853 
0.9866732703402162 0.013844647964241785 
0.6881850856064566 0.37174298861165866 
0.7194682108824797 0.31944475685563545 
0.06560732492049864 0.756840510180044 
0.6652984876837464 0.7077196066541884 
0.6191537882218324 0.5305496246028739 
0.3811302035119353 0.6226426113278791 
0.1938117316546243 0.4225993581022481 
0.27195942615651525 0.10267576144527063 
0.549751146068534 0.7670275870607137 
0.9833811702452788 0.8921549029146165 
0.9100118060072514 0.95464901972104 
0.9020039908519025 0.013315412794415005 
0.3737094967096919 0.5928261975616799 
0.5482507239495507 0.47521558598524255 
0.3905756535093399 0.43165256937241203 
0.9844608732427061 0.7275923714363131 
0.13084708594281852 0.4928170016600162 
0.28393486886932273 0.9258119052028351 
0.6972505226503507 0.6162666970677354 
0.30232953202842 0.24036105855998113 
0.7064448485269073 0.466698990589297 
0.014254754267138403 0.6552457741959352 
0.3542353303259485 0.486840433503614 
0.8785782044174416 0.9460401571362711 
0.707131530458633 0.5717197136433669 
0.680674072001228 0.3124380297525815 
0.5080521692025912 0.8289101860467032 
0.23256310939558716 0.13736505772298124 
0.9304255915832943 0.6455669307255855 
0.5764241035363201 0.4792508374276948 
0.6669751903647143 0.6624741668270052 
0.4364721578068532 0.593915419831132 
0.659326127639259 0.9354101122863034 
0.5502470236886612 0.13858193557945614 
0.097016344218122 0.861985435986351 
0.8293039387612564 0.47022672371506546 
0.41531405872167726 0.9593012572475803 
0.8624196022311631 0.5102534683177548 
0.5156293424945588 0.9430844794718426 
0.7182349192373063 0.16224810603472933 
0.9010673479068559 0.3581106948760152 
0.7650248080775277 0.6723448311102598 
0.8563079707033172 0.13591342704344267 
0.6880384820691441 0.04311383130284002 
0.2783084946651704 0.7131688934603367 
0.37243357014473283 0.6847273070504583 
0.5260527412995939 0.290915820950162 
0.7215910639227486 0.6824571994214068 
0.2711230623195804 0.5157269059271551 
0.08361712535087568 0.5856341342768263 
0.6151976544913933 0.2506838900883066 
0.3397007247635053 0.18157818745966814 
0.015916898814245184 0.951420011991273 
0.7279337496552407 0.22133533146984213 
0.03704852456618668 0.2238079413530904 
0.1793922855122692 0.76004277905597 
0.09146036396533636 0.110150769713871 
0.9610987087936503 0.7505360609553156 
0.3873951495532689 0.8054776400002803 
0.6148375207076089 0.698609793598626 
0.15196033033010609 0.25707549752510006 
0.3488550169063212 0.28659203946923606 
0.7959976873785927 0.7561818374591668 
0.2594325875899097 0.49309352871954426 
0.08600090218181455 0.29926065688251696 
0.7404928365245245 0.45537063467317734 
0.8217002786378858 0.08334154838507796 
0.1188112780637855 0.7195896426126339 
0.22478083862423276 0.8105070659895883 
0.7115655687074317 0.7468880996249585 
0.029773229432075443 0.42545333348185377 
0.13297492611513 0.1499894620079233 
0.40685908012751987 0.3302223261600183 
